                                                   coef  exp(coef)  se(coef)  coef lower 95%  coef upper 95%  exp(coef) lower 95%  exp(coef) upper 95%  cmp to         z         p  -log2(p)
covariate                                                                                                                                                                                   
price_sum                                     -0.000067   0.999933  0.000060       -0.000185        0.000051             0.999815             1.000051     0.0 -1.112059  0.266113  1.909890
freight_value_sum                             -0.000248   0.999752  0.000663       -0.001547        0.001051             0.998454             1.001052     0.0 -0.374044  0.708372  0.497421
n_items                                        0.023208   1.023480  0.023615       -0.023076        0.069492             0.977188             1.071964     0.0  0.982789  0.325711  1.618335
n_sellers                                      0.040458   1.041287  0.107864       -0.170953        0.251868             0.842861             1.286427     0.0  0.375080  0.707601  0.498993
actual_delay_days                             -0.001462   0.998539  0.001316       -0.004042        0.001118             0.995966             1.001118     0.0 -1.110899  0.266612  1.907187
index_order_category_en_computers_accessories -0.021754   0.978481  0.051280       -0.122262        0.078754             0.884917             1.081938     0.0 -0.424211  0.671412  0.574730
index_order_category_en_cool_stuff            -0.091921   0.912177  0.058521       -0.206621        0.022778             0.813328             1.023040     0.0 -1.570732  0.116245  3.104759
index_order_category_en_furniture_decor        0.053751   1.055222  0.048954       -0.042197        0.149699             0.958681             1.161485     0.0  1.097993  0.272207  1.877222
index_order_category_en_health_beauty         -0.002719   0.997284  0.046613       -0.094080        0.088641             0.910210             1.092689     0.0 -0.058336  0.953481  0.068723
index_order_category_en_housewares            -0.024696   0.975606  0.055565       -0.133601        0.084209             0.874939             1.087856     0.0 -0.444454  0.656714  0.606662
index_order_category_en_other                 -0.014585   0.985521  0.026273       -0.066079        0.036909             0.936057             1.037598     0.0 -0.555145  0.578796  0.788874
index_order_category_en_sports_leisure         0.054505   1.056018  0.045574       -0.034819        0.143828             0.965781             1.154686     0.0  1.195962  0.231711  2.109599
index_order_category_en_telephony             -0.029263   0.971161  0.059305       -0.145498        0.086972             0.864592             1.090866     0.0 -0.493432  0.621707  0.685693
index_order_category_en_toys                  -0.036094   0.964550  0.057100       -0.148008        0.075820             0.862424             1.078768     0.0 -0.632118  0.527310  0.923277
index_order_category_en_unknown               -0.073309   0.929313  0.093426       -0.256421        0.109803             0.773816             1.116058     0.0 -0.784675  0.432644  1.208747
index_order_category_en_watches_gifts         -0.005513   0.994502  0.058812       -0.120782        0.109756             0.886227             1.116005     0.0 -0.093744  0.925312  0.111988
customer_state_AL                             -0.071778   0.930737  0.191266       -0.446653        0.303096             0.639766             1.354045     0.0 -0.375280  0.707452  0.499295
customer_state_AM                             -0.015498   0.984622  0.319403       -0.641516        0.610520             0.526494             1.841389     0.0 -0.048521  0.961301  0.056940
customer_state_AP                              0.000986   1.000986  0.452128       -0.885168        0.887140             0.412645             2.428175     0.0  0.002181  0.998260  0.002512
customer_state_BA                             -0.053774   0.947646  0.069236       -0.189474        0.081926             0.827394             1.085375     0.0 -0.776682  0.437346  1.193152
customer_state_CE                             -0.127930   0.879915  0.107624       -0.338870        0.083010             0.712575             1.086552     0.0 -1.188674  0.234568  2.091923
customer_state_DF                             -0.058395   0.943278  0.089320       -0.233459        0.116670             0.791790             1.123748     0.0 -0.653767  0.513262  0.962233
customer_state_ES                             -0.007014   0.993011  0.086533       -0.176615        0.162588             0.838102             1.176552     0.0 -0.081052  0.935400  0.096344
customer_state_GO                             -0.005410   0.994604  0.086712       -0.175363        0.164542             0.839153             1.178853     0.0 -0.062393  0.950249  0.073622
customer_state_MA                             -0.101753   0.903253  0.139561       -0.375288        0.171783             0.687091             1.187420     0.0 -0.729088  0.465948  1.101760
customer_state_MG                              0.000742   1.000742  0.038239       -0.074205        0.075689             0.928481             1.078627     0.0  0.019405  0.984518  0.022511
customer_state_MS                             -0.055136   0.946357  0.150378       -0.349871        0.239599             0.704779             1.270740     0.0 -0.366648  0.713882  0.486243
customer_state_MT                             -0.013399   0.986690  0.128651       -0.265551        0.238753             0.766783             1.269665     0.0 -0.104149  0.917051  0.124926
customer_state_PA                             -0.084289   0.919165  0.122615       -0.324609        0.156031             0.722810             1.168862     0.0 -0.687432  0.491810  1.023826
customer_state_PB                             -0.100597   0.904297  0.170560       -0.434889        0.233694             0.647337             1.263258     0.0 -0.589805  0.555322  0.848604
customer_state_PE                             -0.041205   0.959632  0.098615       -0.234486        0.152076             0.790977             1.164248     0.0 -0.417842  0.676063  0.564771
customer_state_PI                             -0.029632   0.970803  0.174374       -0.371398        0.312134             0.689770             1.366338     0.0 -0.169933  0.865063  0.209123
customer_state_PR                             -0.015017   0.985096  0.056548       -0.125848        0.095815             0.881749             1.100555     0.0 -0.265558  0.790580  0.339017
customer_state_RJ                              0.023138   1.023408  0.036736       -0.048863        0.095139             0.952311             1.099812     0.0  0.629847  0.528795  0.919221
customer_state_RN                             -0.066108   0.936030  0.172289       -0.403788        0.271572             0.667785             1.312025     0.0 -0.383706  0.701196  0.512109
customer_state_RO                              0.054100   1.055590  0.231541       -0.399712        0.507912             0.670513             1.661818     0.0  0.233651  0.815256  0.294675
customer_state_RR                             -0.229969   0.794558  0.637744       -1.479924        1.019986             0.227655             2.773155     0.0 -0.360598  0.718400  0.477141
customer_state_RS                             -0.004003   0.996005  0.053672       -0.109198        0.101192             0.896552             1.106490     0.0 -0.074583  0.940547  0.088429
customer_state_SC                             -0.012427   0.987650  0.065299       -0.140410        0.115556             0.869002             1.122497     0.0 -0.190310  0.849066  0.236051
customer_state_SE                             -0.062071   0.939817  0.197437       -0.449039        0.324898             0.638241             1.383889     0.0 -0.314383  0.753230  0.408837
customer_state_SP                              0.031978   1.032495  0.025607       -0.018210        0.082166             0.981955             1.085637     0.0  1.248821  0.211730  2.239700
customer_state_TO                              0.003364   1.003370  0.233805       -0.454885        0.461614             0.634521             1.586632     0.0  0.014390  0.988519  0.016660
purchase_dow_1                                 0.006426   1.006447  0.033898       -0.060012        0.072864             0.941753             1.075584     0.0  0.189570  0.849646  0.235066
purchase_dow_2                                 0.005065   1.005077  0.034690       -0.062927        0.073056             0.939012             1.075791     0.0  0.145993  0.883927  0.178001
purchase_dow_3                                 0.013117   1.013204  0.035256       -0.055983        0.082218             0.945555             1.085692     0.0  0.372054  0.709853  0.494408
purchase_dow_4                                -0.025330   0.974988  0.035090       -0.094106        0.043445             0.910187             1.044402     0.0 -0.721867  0.470376  1.088112
purchase_dow_5                                -0.017526   0.982627  0.039613       -0.095166        0.060115             0.909222             1.061958     0.0 -0.442418  0.658187  0.603430
purchase_dow_6                                 0.017615   1.017771  0.038343       -0.057535        0.092766             0.944088             1.097205     0.0  0.459416  0.645936  0.630538
purchase_month_2                              -0.029934   0.970509  0.048247       -0.124496        0.064628             0.882941             1.066762     0.0 -0.620439  0.534969  0.902473
purchase_month_3                               0.033924   1.034506  0.056630       -0.077070        0.144917             0.925825             1.155944     0.0  0.599038  0.549148  0.864734
purchase_month_4                               0.034079   1.034666  0.059559       -0.082655        0.150813             0.920669             1.162779     0.0  0.572190  0.567193  0.818087
purchase_month_5                               0.059141   1.060925  0.048773       -0.036451        0.154734             0.964205             1.167347     0.0  1.212594  0.225285  2.150177
purchase_month_6                               0.060035   1.061874  0.051815       -0.041521        0.161591             0.959329             1.175380     0.0  1.158637  0.246604  2.019731
purchase_month_7                               0.020787   1.021004  0.047276       -0.071872        0.113445             0.930650             1.120130     0.0  0.439690  0.660162  0.599109
purchase_month_8                               0.039791   1.040594  0.045680       -0.049740        0.129323             0.951476             1.138058     0.0  0.871085  0.383708  1.381920
purchase_month_9                               0.039879   1.040685  0.046111       -0.050497        0.130254             0.950757             1.139118     0.0  0.864846  0.387123  1.369135
purchase_month_10                             -0.004589   0.995421  0.043580       -0.090004        0.080826             0.913928             1.084182     0.0 -0.105303  0.916136  0.126367
purchase_month_11                             -0.049944   0.951283  0.036597       -0.121674        0.021785             0.885437             1.022024     0.0 -1.364691  0.172350  2.536584
purchase_month_12                             -0.060618   0.941182  0.041432       -0.141823        0.020586             0.867775             1.020800     0.0 -1.463093  0.143442  2.801462